0.16290377703445727 0.16963787832699392 0.09567938014159327 0.03348040728364399 0.11305476822596126 0.42430600092022347 2.737143122693267E-4 6.33509623979849E-4 3.056413087768907E-5 6.940458312856279E-21 
0.30938785847937994 0.334067154896318 0.019241070649011992 0.025763868489694686 1.4093293915707133E-7 8.835411302039029E-10 2.1072177912973564E-8 0.3089532694374759 0.0025866151594613417 0.0 
0.1875190794759679 0.21645111100612063 0.25474755105358476 0.025276724532788432 0.0683747907752817 0.24718866611675086 9.478193581692387E-8 4.41982257569969E-4 1.037507855968431E-48 1.0261855881880019E-170 
0.6637857107888159 0.050353035823964075 0.16966047998569556 0.1161940674620364 4.223443309198515E-6 9.508711173396539E-7 1.5316250164240253E-6 4.502342916555833E-14 1.1645805604188844E-97 4.903492503788686E-70 
0.10638345533402062 0.10878183129952028 0.2227153571087461 0.10445753283196305 0.1725387404011769 0.2848928530732968 7.042853951844152E-5 1.5980141161479056E-4 1.430689033965764E-13 5.843698452096466E-94 
0.20115826197534084 0.2540186247590869 0.3251685708277531 0.17584118224047193 0.0010647360935606921 0.0031606766545228715 0.03958794741821555 3.1048284207237575E-11 1.885768654974498E-74 1.0096805476312896E-168 
0.22424532059658048 0.22544258928396446 5.996044901066931E-6 0.010732174297323344 0.5395731961956542 1.1413141111571673E-11 3.0652749517253916E-14 7.23570132576505E-7 8.684385230938933E-97 0.0 
1.3765827977100045E-9 0.2999496720091516 0.4649473930351641 0.23205129282248427 0.0030377470685809603 1.5796661418427976E-8 1.2254229226137308E-10 1.3877768832599728E-5 1.2694082648256984E-55 0.0 
0.11609019935635895 0.2604167174840009 0.20453612713832126 0.17166018434852925 0.158931976746466 5.18776383783854E-4 0.08646443655819464 0.0013815819842846783 4.40750769764316E-22 6.048920926676249E-14 
0.2303551505548379 0.03674655700517296 0.0122942622603097 0.0340170813602135 0.17724287943851516 0.0011767571553536523 0.13846085636793784 0.25968283251199203 0.11002362334566723 3.8554439846767596E-191 
0.1219515067431793 0.19423517516613764 0.2757314263866202 0.33058993533959086 0.006766774056932021 0.05760987521752538 1.897298936767315E-7 0.013115117360120873 9.078752399538306E-27 0.0 
0.3604998258376411 0.3575159207498709 0.21300220413376997 0.03952020962832319 3.5209510386149E-4 0.024880983810275835 0.004228531845945893 2.2887684854776376E-7 1.3463011482837868E-11 4.692478693791347E-115 
0.15575629184183595 0.5819613691902576 0.12526589824789575 0.09339602403939733 0.012903491771622847 0.019760271313520903 0.010609228230017297 3.4742536545221824E-4 2.954486148018957E-18 0.0 
0.2739039944015774 0.2107655900121381 0.016712948349036198 0.009220291313375081 0.16384963727615456 0.15625464987303042 0.16905091320241208 2.419338315494978E-4 4.174072662703746E-8 1.276923674193815E-38 
0.0034020869483301977 0.18365235797056206 0.44287019088227614 2.3256480227543738E-5 7.150093469470697E-8 0.3700050029999245 1.168010808874153E-5 3.535310965604829E-5 1.8737818914541065E-95 0.0 
0.005615523441310892 0.5134537114619626 0.2291419854425146 2.1939034607115894E-8 0.24675187749367905 0.004866266278406263 1.5086120093837623E-4 1.9750393210801368E-5 2.3489428647068127E-9 0.0 
0.08701867720880933 0.06526641383018102 0.0176756693557401 0.45016139622612455 0.16640517028165042 0.05868573456780469 0.01819556230411524 0.13659137622557468 9.723977751955828E-62 0.0 
0.0630530231079917 0.31426853158905693 0.25376736772054176 0.18067512900736346 1.6619299098022256E-4 0.005586876975031681 0.17688208654327417 0.005600769095028634 2.2970731535414924E-8 0.0 
0.15837403442554113 0.11196386808336763 0.07192130353621018 0.0070386448949037814 0.07722460541983013 0.5725545106313092 6.341640435906574E-4 2.7972131110578385E-4 9.14765414167691E-6 4.029098809053474E-83 
8.225890239276591E-4 0.20056974634664904 0.03574899140170464 0.48284989965225944 0.0015310183891221077 0.052088361512102395 0.10728746058742933 0.11891496550176327 4.812316428934652E-5 1.388444207527595E-4 
0.05939348803123843 0.012164309556796319 0.24996554282488803 0.25499573598057057 0.01341967076352948 3.5986052500343307E-7 0.4100607163340323 1.766484198045647E-7 3.507260053823489E-31 0.0 
0.09732527381579835 0.40657876865390863 0.042132105176127824 2.88061245977722E-4 0.12201847234339026 0.13925329299163627 0.19240402576766735 5.4936052614316746E-12 4.402617529313756E-53 4.931325517878389E-202 
7.664117557811692E-4 0.8319933586925093 4.8668972372619236E-11 0.1514541803424619 1.2292212524027593E-11 4.184203692016085E-9 0.01578604496408257 8.385460336547173E-45 1.8820993006854616E-145 0.0 
0.3188228437248169 0.14063815687879083 0.10646849330320188 0.11155036201764136 0.2799429899502106 0.015149538035646169 0.020529320697723615 0.006898295391899002 6.959542867559356E-14 1.8897021101488363E-133 
0.00429916528786288 6.846237620128639E-5 0.468590704858763 0.2309348046695988 0.023832529245182792 0.0019500785021893392 0.17595679603824305 0.09436745902195898 1.5924821953184017E-66 0.0 
0.3837346441168025 0.0871788307919318 0.0910267091544952 0.0873448235256661 0.18065003657369172 0.10459853450977186 0.011531485527301601 0.053934935800292336 4.683359513246017E-14 4.9606939089244235E-46 
0.027734375500280625 0.0065824271964568795 0.16676480237619104 0.3734325429259906 0.0012909919687055954 0.4239305865608169 1.694706667539546E-4 9.48028048044313E-5 3.7299761294895204E-54 1.210305088373186E-50 
0.1668845630072807 0.013500088295911788 0.2711659510230501 0.25243692138472096 0.1424337944999508 0.0016396284106030962 2.516861030775535E-14 0.1519390533784574 4.342594063461928E-214 0.0 
0.27915927601503415 0.264313891702433 0.11587000034120025 0.02848272053704813 0.04541632722672039 0.15016561648332066 0.010605072923418462 0.10598709477082495 1.4656267409525733E-27 0.0 
2.022363904495383E-13 1.521643167588333E-8 1.9374146272429187E-4 0.5096719439554026 0.2582574183912687 0.2318768806218681 4.133985753912411E-14 3.520610909540882E-10 4.179114107726181E-144 0.0 
0.10878667196841914 0.07691823210629549 0.7295238321073055 1.4229256665282206E-7 0.08469074067011094 8.037961190443599E-5 6.202277195612882E-20 1.243397656242002E-9 6.236797472391382E-105 0.0 
0.033689789912878916 0.03143187867419698 0.09298525760881379 0.8050045726563854 0.0012793043196508464 5.87387730509639E-23 0.03553207467421513 7.712215385891482E-5 2.9518682943670064E-133 5.286580853039162E-181 
0.07054516524493273 2.325951110919963E-6 0.5230725025236632 0.14615086782557027 0.11925512149562621 0.1183691061438334 0.006939328053132136 0.01566558275234011 9.790977057851895E-12 1.606909654267528E-249 
0.0018657090652386015 0.36672291558834935 0.19767631003682004 0.020083549237220798 0.11892679814755391 0.007646694287962953 0.168659364080776 0.11841865955607833 4.2398424489879945E-104 0.0 
0.019918293154928053 0.02406245242225513 0.20320266766514294 0.055070192113222324 0.16258894019942807 0.26576840927235673 0.11261898417278723 0.15677006099987942 1.6234410861918713E-85 0.0 
0.1388939120857869 0.1602540023551065 0.02569976054056357 3.566620674273113E-5 0.5071735018064681 0.15997269387192872 0.003137030956326697 0.004833392984451593 3.919262519086525E-8 0.0 
0.009589868097188247 0.1881270361001468 0.14818398280426787 0.0014296488162280274 0.027162229562806672 0.43074131772150975 0.09626945065421995 0.0984964662436326 5.94331421843378E-32 0.0 
0.09088092416076776 0.16779005050705245 0.35897765243157387 0.2569226960112064 0.07093971863452081 0.054456516815098194 4.232836913741347E-23 3.244143978051438E-5 3.6196420172650477E-37 2.2009651918401657E-37 
0.3416750358453516 0.3014654242213582 0.1033288099864465 0.08152278502981442 0.10283118734894449 0.01182757113826733 0.0569251216682301 4.2406476158735154E-4 3.6187782915091593E-91 5.3284690617644176E-222 
7.449136181427568E-6 0.17544941410715614 0.45436854005522587 0.20137260284291283 0.06144472547577334 3.803652274507803E-7 0.007352884582291299 0.10000400343523154 1.0242731878234054E-81 0.0 
0.180657010404925 0.1417177962413972 0.14865271442446676 2.9302660810538394E-5 0.14685395190381953 0.30751730285831 0.07456510569300746 3.4864549393594186E-6 3.329358324163854E-6 0.0 
1.1118469908833948E-4 7.255161595545064E-5 0.1800074983372197 0.1608266710359827 0.45141587531828575 0.19846898019164644 4.6089085447866393E-38 0.00909723880182169 5.707719160953899E-30 1.5809053567569397E-247 
0.11437726588170913 0.19646586573834454 0.22440120997645457 0.13725871983594073 0.09854364187114707 0.09374540343222358 0.11263807842936845 0.022537609246972283 3.220558783960567E-5 2.790756E-317 
0.2074041908104053 0.07359832280562828 0.587149199726312 1.5090139831294506E-5 0.1266093892369183 1.8472003657577576E-6 1.4077997851705645E-6 0.005220552280753872 1.559056628965346E-70 0.0 
3.508758562613938E-4 0.1865236157627476 0.07610005486091663 0.17207928988637783 0.29722266902108885 0.15412768398768034 0.11347548497760787 1.20325647319568E-4 6.145164755259148E-23 5.1488928781566716E-194 
0.23629547239865856 0.2098229414011503 0.15400544243802675 0.2624214170146658 0.08192466020719624 0.03969994166449095 0.015815807728101674 1.4317147709734808E-5 9.286784787463845E-60 0.0 
0.11729672969182746 0.5808647565787562 0.013701973050361586 0.004887888881833352 0.0016680920725033125 0.2806089922239553 1.4391638096511364E-19 9.715675007626995E-4 1.6709159150693436E-25 0.0 
0.08320345894013034 0.1529727929171358 0.4213143025017761 0.10981786022454854 0.10994460084278487 5.596352824440043E-7 0.12274642490026665 3.8075207386595976E-11 2.4108364271293217E-71 6.467208435845583E-24 
2.1548234578439994E-4 0.3195793160312913 0.25283421085620156 0.10365379968264574 0.13785032683243167 1.0131390269665757E-7 0.08274221210838895 0.10312455082935373 4.454001069644569E-22 5.667141412854377E-24 
0.12921977800119222 0.0013564014510778007 0.18805670138226901 0.4900967204087106 0.03670010915058394 0.12143236937022706 3.639584319329232E-4 0.032773961804006393 3.073593252412232E-65 2.648291758079042E-265 
0.3920060190342863 0.058922325336004756 0.21858643722962082 0.18954158169653634 0.0023893078244570567 0.1384575190285043 1.969158874570835E-12 9.680984862126393E-5 4.118395113904857E-44 0.0 
0.05468907935069483 0.22352774410637816 0.13259683886053367 0.5377926398859677 0.006107307851852329 0.004288005413059902 0.036378956682065644 0.004619427849447722 4.798831315217828E-73 3.4507625581063286E-234 
0.20576038246972594 0.1995074707446028 0.24738901459883217 0.00838528365310476 0.15784781654707375 0.003537005273135861 0.07176186662032331 0.10579064255466725 2.051753853417753E-5 0.0 
0.5144780806091189 0.45909424371048346 0.004403341576775077 0.01373441485266532 5.237178755821442E-4 3.9951974687213726E-7 1.43595824762592E-4 0.0076222060308656844 2.350455074482129E-24 0.0 
0.005600266925886859 0.46156718002750446 0.014662597377198624 0.12436444787763848 5.141981879567924E-6 0.1532258820659857 0.24057447965109233 4.0928139219717344E-9 9.611375023953563E-227 0.0 
0.10687633204642503 0.21481021890773858 0.19891847944066465 0.14201019737638507 0.1096967896433987 1.1980975635131253E-5 6.064057633982359E-9 0.22767599554557424 1.2095427064936526E-13 2.1624511189642932E-233 
0.1763724451381138 0.05640052782703106 0.1848648650605134 0.03010406328352348 0.13673195541280675 0.2399021020896742 1.1628763311105029E-14 0.1756240411883259 2.3934695394792487E-48 2.4803914344752288E-188 
0.265505779396462 0.22697266475625377 0.13851314821322874 0.05325109358598047 0.07091537538001372 0.15613057324722615 0.08870435974391097 7.005676922397103E-6 1.7738104818341101E-15 2.1567122445660903E-202 
0.11352094766679623 0.421257676284686 0.15783178600488132 0.2687574902998332 4.234991550337713E-4 0.030802416894258833 0.00740572735804954 4.5631509686359503E-7 2.1364254287519765E-11 0.0 
0.12125449554489204 4.800372811822224E-6 0.13234983997487085 3.9959745498802336E-7 0.09710333538947191 0.23669271155119695 2.33626414592586E-16 0.4125944175693011 2.363120098810699E-167 0.0 
0.14222675017694758 0.22188748157132293 0.06245628844477858 0.16136330835211032 0.17340525974159693 0.0027974550352181473 4.061705195760684E-15 0.23586345667802144 5.904431078072416E-31 6.365083439927201E-101 
0.5810414315675758 1.0919866399465549E-6 0.013922884060950446 1.3121728327956533E-12 0.1737855737207737 0.2242825271384981 1.7940979907989342E-38 0.006966491524249946 2.523478684096892E-276 2.207719138859842E-164 
0.10349325272335057 0.27169907441063545 0.3188051681705889 0.22179687617987123 0.023978154303026772 0.05934582245700032 8.694585142076638E-4 1.2193241319220842E-5 3.219507846025396E-77 1.403661519392851E-60 
0.30606420520148125 0.13984920557424305 0.13008461681876057 0.12924326940962635 0.20285139757683135 0.00299029893407764 0.08734375671834943 0.0015732497666297142 6.74396750350359E-16 2.1665095376273294E-130 
0.050782615073421716 0.20848208585837266 0.12968455135124912 0.35002083842664733 0.12884653852735536 0.12244081479571495 4.727654079077698E-10 0.00974255549446624 7.269527072150284E-15 7.438899633476261E-293 
1.6592277149286807E-6 0.0211936689467563 0.4575280008074253 0.005555172623593215 0.28885936665311057 0.22518930484776992 1.936492594658906E-4 0.0014791776341639361 1.6465503566565337E-74 8.719169119001075E-94 
0.3030761063000282 0.10886111986142442 0.275180396050406 0.1311754424529555 0.05014295972667687 0.061096271604138726 3.1082021777130674E-7 0.0704673931841526 5.865839274316142E-18 0.0 
0.11092891884451335 0.2211636539851209 0.045135808385831866 0.022508290480822424 0.0021960832249147584 0.4493128722172153 0.14873064333735478 2.3729494939075343E-5 2.9287539181467456E-11 2.1350269607043225E-231 
0.01481105507227589 0.03330689871216447 0.025648588227368898 0.07634127359290033 0.4997334429751544 0.349892221724048 3.759281368672128E-5 2.2892688240126359E-4 6.555232407094488E-31 0.0 
0.33830942932811997 0.16496279710199346 0.2106110334498914 0.12323512503027026 0.16007468444698733 0.002213285528785241 1.4839383785667618E-4 4.452512760956687E-4 3.907546195766963E-18 0.0 
3.3437676606718634E-10 4.6126588320293075E-5 1.6933257196430557E-14 0.9930412773888255 3.695370428739054E-19 0.006912595677152714 1.7710127913181965E-45 1.1307846923486984E-11 1.2210541270145187E-176 0.0 
0.05756944631853092 0.2532000397825503 0.21770500117189898 0.02333886660488321 0.011034208694836905 0.11000320715681686 0.32712494807505804 2.4282195424773598E-5 2.6419604345405836E-31 0.0 
0.03595888971033066 0.12321073769769729 0.18970314821094347 0.09731908448512702 0.48540626884528615 0.010323254246931889 0.05804264885004706 3.596795363634695E-5 1.3447811798972265E-98 4.52554906615608E-222 
0.1952940817596666 0.363125623344558 0.0660683683658412 0.2799555215236302 0.0789038487704978 2.0592525091460226E-9 0.006919431358441021 5.127873237937257E-4 0.009220335494319066 0.0 
0.04300528428550891 0.05637113181918857 0.040185963704766396 0.3613151617599848 0.021404712395856167 0.07480272162206875 0.09264039485829688 0.3102746295543287 8.331733564537669E-16 3.035342084897836E-73 
7.54430996444956E-5 0.0678727555719908 0.1315348593808458 0.2213729174005471 0.14024585446292753 0.35266593476921515 1.8641773342900807E-4 0.08604581758140023 3.6891355552506904E-30 1.1239851499869462E-247 
0.3162935888559898 0.4287824429354581 0.01609707444655775 0.07080762382172325 0.1610433390948992 2.706309022486024E-7 9.727459096820749E-5 0.00687838562350149 1.3268698001108795E-24 0.0 
0.15198939641435144 0.29878591748851324 0.018687141348548736 1.8736806800978277E-4 0.14869319809139914 0.24337174567912212 0.0011765836421734816 0.13710810606344664 5.432044353759576E-7 0.0 
0.19457491992478376 0.12944433726040078 0.20711571827498437 0.31594889971911166 0.002105572849961538 0.1403805401269599 1.0883247044416995E-8 0.010430000960551009 4.248028369696398E-54 1.253093652103551E-50 
0.003894809962257766 0.1970565900159774 0.47697999753753884 0.09955380234430258 0.1662472707571921 0.05626625797966552 6.427343505558135E-14 1.2714030014871803E-6 1.1231342822023511E-28 1.470109637045851E-206 
0.19017851386538148 0.10776337877853015 0.18888371082191394 0.001942015591340445 0.39832525831103316 0.11290655802706993 7.832156475555009E-29 5.646047308016092E-7 1.8722643928180422E-74 0.0 
0.0054826285495592625 0.08984954698587623 0.46184318346951747 0.10200162115694518 0.26067660979364854 0.0010397274183751182 0.002565158117647669 0.07654152450843052 3.176493500084607E-64 4.61199258075787E-221 
0.004160094475970927 0.402046356572394 0.13888631369666676 0.2851443442640137 0.14023652937507633 3.759753597555533E-6 4.5153187701131586E-8 0.029522556709092977 4.470109678452557E-18 8.082387000520363E-179 
0.14157909509701913 0.24949250862218816 0.05520958734326854 0.15992989160389365 0.25148232890765904 0.11434971174136105 0.020852516361332885 0.007104357651317567 2.6719598933202704E-9 1.4916398600943361E-133 
0.187742951944398 0.001750431967506169 0.007303592160832315 0.02458937008936289 0.7746535206518855 0.003951608231750664 8.524952034142529E-6 2.2301765610626102E-12 2.9817249163361392E-64 9.520734708958469E-257 
0.0225754411521622 0.3717620307433232 0.4117183123922631 0.15952246044720375 0.011822726010415834 0.0023377293434197303 3.5881296823319256E-12 0.02026129990762411 4.145887126358285E-200 9.51635888770946E-179 
0.30620688901404836 0.13317666123333274 0.07155394763273012 0.318845800630459 0.014102262586827749 9.462281083903465E-8 0.15124358007044222 0.004870764209348898 2.119520426476428E-122 0.0 
2.6898544806633203E-6 5.708674566173763E-4 0.7042961484862696 0.014861331770547716 0.0016473136178056815 0.2786033267353148 5.305634691495183E-6 1.3016415253777553E-5 7.83917841871027E-61 2.9018829495881733E-11 
0.11378440844666128 9.39605980022283E-4 0.0035073484176527513 0.4387610527045761 0.22484909362784256 0.10200149477291982 3.934478441060979E-5 0.11611765126591458 1.6901199426018464E-61 0.0 
0.02229279141683688 0.16665234217053565 0.29672200617711675 0.026160604127283226 0.21576984464821983 0.15196123618780086 2.100217694275084E-5 0.1204201730952641 1.05547858125492E-39 0.0 
0.07258498767050367 0.127385174435407 0.2966155105930405 7.521928470566552E-4 0.43038864933090015 0.003714166018275909 0.06318478191242942 0.0053745371923867875 8.445525786442328E-22 1.3085829388432485E-38 
0.2910761801064066 0.14392908843374624 0.12820980759693554 0.056900677808458006 0.11344202671047862 0.19847410584690708 0.01170290563551413 0.056203938157087886 6.126970446597842E-5 9.964118149686512E-75 
0.04171552800859173 0.362597139223551 0.355977394729354 0.011118665912007688 0.21366742401843958 3.938080013286437E-6 4.102084040218437E-6 0.014915807944002418 2.501596596318211E-34 0.0 
2.1181108614484597E-39 0.34453183607956084 0.2918709939153623 1.974093027687802E-13 0.3612605825602094 0.0023365762550722697 3.190042593233813E-54 1.1189597676278636E-8 7.86660758415299E-209 0.0 
0.011924291170370013 0.08254828728448084 0.22419918981214196 0.005098332241128347 0.07321821887069739 0.29109260218945443 0.31188281924912575 1.8370291347169933E-5 8.278298253844443E-8 1.780610827159464E-5 
0.07016593168451585 0.33302406895089876 0.10282504250861507 0.15922609006581984 0.002365302825559597 0.27734304947519767 7.184765937399562E-4 0.05433203507481738 2.820835784936832E-9 0.0 
0.14493054379656692 0.17442675804206387 0.3267040644612567 0.19113922999539631 0.03433943939626571 1.8530680904709843E-4 0.12827463425965874 2.3239744677086897E-8 1.968356158712431E-43 0.0 
0.0811991456776398 0.18768350036327788 0.13995122330159604 0.30427488626005406 0.13928572482389803 0.12217951253645559 3.0620924719729016E-9 0.02542600397498607 2.1086404794372963E-36 0.0 
0.05264081610854472 0.01045655698367692 0.17275535850174034 0.2179442059339235 0.03192474585914507 0.282401127578571 0.09086593525201617 0.13646272342970014 0.004548530352682129 0.0 
0.03348346547900194 1.1284542767101756E-4 1.0838146326881673E-7 0.5421273428435323 8.804444782180023E-10 0.42384094869865907 4.3426858355621195E-4 1.0197056716647047E-6 2.5064711621051915E-42 3.383352860679588E-50 
3.356616436485219E-4 0.13517294707462751 0.3754243955415723 0.12774718755563008 0.029355414675653585 0.08441835105393942 0.1269904627739005 0.12050158783816695 5.399184286121805E-5 0.0 
0.0022510366748639825 0.003458681632821057 0.5217364350306595 0.2478234060665856 0.014631357642200303 0.001237957587764024 0.09233436265004646 0.11652676271505905 2.3626790103014848E-20 5.927671809005192E-44 
0.025596539924074988 0.0013059962852661317 8.787573174781717E-4 0.7647385712243556 0.07462382387174603 2.616986426907265E-4 0.13259460324774847 9.486639978651256E-9 1.3557879915625532E-149 0.0 
0.0023749875871630893 0.04802626423926406 0.5502286733819692 0.3100213740195166 0.018613304582255775 0.0030127812602240597 4.163271433065956E-8 0.06772257329689287 3.6465843121373206E-161 1.3803726045904673E-220 
0.9977113445864578 9.11193673058699E-4 5.528991822300868E-8 2.553141476881006E-5 4.476713500521336E-6 5.603454653379221E-4 2.4982669784935826E-10 7.870526071313693E-4 8.122440028906403E-84 0.0 
0.2970730991833102 0.008069792942517806 3.2373478209168336E-7 0.004073513144297498 0.2755756583193263 0.1908192967820998 0.22307978661263095 0.0013085292371039145 4.393130880003616E-11 7.634608632635204E-272 
0.11221944392713899 0.29736393662135896 0.13513551311976724 0.09521143365223479 6.850339738628062E-5 0.33511479268413635 2.8904901506390124E-9 0.024886373707282427 2.0488627430734667E-13 1.8470253347367785E-28 
0.407638817685737 0.20288500365412104 0.12337449679799795 0.09493764279768027 0.015514919322831004 0.155498249602095 1.6383955745753961E-7 1.5070629998030846E-4 1.348806920818584E-82 9.140391183273193E-21 
0.06401352797909211 0.36416360870623043 0.0018786943095294706 0.14315034397112295 0.08546248450986461 0.2643614252166246 6.260795885640187E-35 0.07696991530753589 5.357196546396568E-283 0.0 
0.11811338618924835 0.010708243498909082 0.019544514848702736 2.664535960924295E-4 0.1829037201346528 0.6684636806021822 1.852791147328481E-13 1.1300271258366911E-9 5.688564924725305E-60 0.0 
0.17734523323682444 0.2655637661222768 0.07687555168883202 0.11722983705160668 0.07905764026480508 0.20283359409966284 1.1748526786352851E-6 0.08106474848594146 2.8454197372087734E-5 4.9278630727212E-21 
1.605724239521708E-5 4.5704038190924785E-4 0.3505692515881747 0.06934612430764107 0.5766773001728938 0.0018728535691501062 9.650880434590854E-4 9.628469437681633E-5 6.965500089616436E-67 1.3706358915883022E-142 
0.20340984368451404 0.21149708229383912 0.3937525047130468 0.11707921684131041 0.03291434689106142 0.028676630940511746 0.008525251421942642 0.004145123213773817 3.812374372085322E-81 1.2667189321350118E-60 
0.21196649267127254 0.47822572223751725 0.16353129029928218 1.6153701311775597E-4 0.059976452158912785 2.394521599429161E-5 0.08588799596807424 2.2656443582883882E-4 9.489173096846934E-24 1.0778811803331086E-238 
0.5748603706499484 0.2623370260933577 0.04121915273301199 0.09381616651914546 0.027410217782005496 3.0248769713297227E-4 4.962032007767574E-20 5.4578525397999993E-5 4.9E-324 0.0 
0.3706006081845996 0.35921164182119736 0.1670458886903739 0.057167617407950434 5.072746239373295E-4 0.033203785390728706 0.012262853357898722 3.3052331385470317E-7 6.72056164231276E-65 1.0991020457782627E-185 
0.2017177353519592 0.0561146192881932 0.32843179446156995 0.005244713828775867 0.009849480122014524 0.2899228939276912 4.345930836002913E-15 0.1087187630197916 6.302512645562034E-163 0.0 
0.0023787465730572676 0.35240221656883586 0.03851638983229817 0.05296339826150567 0.17019131718037586 0.1951451964645874 6.714673021551541E-4 0.18773126781714158 4.318852235082283E-14 0.0 
0.09074856218948471 0.206777783253975 0.0517088546467674 0.1106450879766098 0.10758318132413627 0.3266362288597325 0.10562564880166296 2.7465294763141443E-4 6.302174004542317E-35 0.0 
0.2802391582354656 1.1531316121444622E-6 0.019971721661598184 0.030772907569186325 0.039467211754765884 0.6295478476396786 7.693303882459515E-12 1.4444014732301482E-32 2.5053655315678148E-23 2.1696495293117753E-170 
0.16100843339092244 0.44556838202330257 0.12120612761733279 8.305732171560163E-5 0.0019272213150102113 0.2700994443792162 2.1576091187583876E-5 8.277263342541154E-5 2.9852278871705787E-6 5.6834849267876325E-46 
0.10315478622312291 0.06115068862979283 0.04210320224157461 0.08623649611849496 0.09190068700938964 0.6143191443536451 1.1865359600973042E-5 0.0011231300643790244 2.052527549572023E-49 2.1350269607043225E-231 
0.18666520058137212 0.15271437738731175 0.21044652371908812 0.26135144597720955 0.18180635307281795 1.3299089625462504E-5 0.002406665244124786 0.004596134928450322 3.745336274858332E-55 0.0 
0.11548386802767527 0.16247357707618038 0.12318390261584698 0.2977079419634676 0.1571511457818692 0.1275646182631218 5.809049820920192E-15 0.016434946271832878 1.1192791653108392E-32 0.0 
0.07953330135455534 0.22342531011800001 0.16222041684230118 0.06550548746637266 0.18233978928062725 0.28618278430895255 7.390217140659319E-4 2.3218243273542467E-6 5.1567090797741866E-5 4.2912649845695493E-54 
0.36189730768166384 0.002944363337161193 0.15218192374894576 2.513405152052707E-4 0.12133699387330235 3.717938132570699E-5 0.19107715039711895 0.1702737410652771 3.3678094658595986E-82 0.0 
1.3458498102568027E-5 2.7678652117888557E-6 0.15826152143266675 0.009030306059979409 0.32343536787915866 0.4178513761693316 2.9447909983219114E-13 0.09140520209525474 3.389029059033085E-135 0.0 
0.20275837932031332 0.17422545030037895 0.02087686581654703 0.15058289957946822 0.031966956347785236 0.11649581422884919 0.07978448989376272 0.21859067760705875 0.004718466905836584 6.70662450255744E-101 
0.015234628510455317 0.146964923954796 0.3912083609115961 5.134616525677998E-4 0.10385765816397642 0.3410050774344228 7.350980164279037E-5 0.0011423795703787581 1.640058160887583E-13 6.08988530484554E-94 
0.01298151638600367 0.48279375695435217 0.25258094762258354 0.02337734189435574 0.11417790327773387 0.0021363620014549106 1.8139966242002256E-5 0.11193403189727405 9.088843338584034E-40 0.0 
0.2942173773266853 0.20222893322620758 0.009081089983932023 0.16488534763004697 0.16870555644374205 5.5945619718175784E-5 1.0692107995808651E-5 0.15948003048259532 0.0013350271790768214 0.0 
0.07575073863845216 0.24675000872035188 0.02246187818216751 0.09387736912325734 0.17317038219162123 0.2416550227051129 0.04035065924633506 0.1059839411927015 3.515016990123389E-16 7.151515054598297E-238 
3.148638388700197E-4 7.533888871679303E-5 0.12598868630911336 1.0543555240724143E-7 0.07902466501306851 6.071272618352305E-5 0.7945164889611711 1.913882732421408E-5 3.1055621808050576E-82 0.0 
0.0027773735418895793 0.025229174328690603 0.5694704461711679 0.262691947962109 0.10544615551138997 0.0011604238796629571 2.6420916452995267E-8 0.03322445218417341 2.7707781120808316E-20 6.951542394196998E-44 
2.5538360173950943E-4 0.3086431128366077 0.36965987839501796 0.2575136753503414 0.008589616661366995 0.055317161819856873 2.001631574925332E-5 1.1550193201613091E-6 3.108803098567914E-39 0.0 
0.00790316208872358 0.23018844836361918 0.010519783212921671 0.017164854656071038 0.1867074790471167 0.3955112844482489 0.1511185651246855 8.864230288535575E-4 2.975991886223194E-11 5.171831654365784E-272 
0.22635116297919064 0.10491284961143064 0.0859236873478249 0.14805008299893496 0.11908235671214505 0.19520627343220298 0.07120031170156259 0.049217956995065856 5.531822164243553E-5 1.3929983256995768E-46 
0.08723318539828602 0.12741399268707432 0.1363174769976681 6.523131540377593E-4 0.16520410014027376 0.06442980888026283 0.004644370222934701 0.4141047525194626 5.503086943635945E-31 0.0 
0.43175740527225975 3.4003838415724516E-4 0.07364098851396936 0.12087234447899523 0.01200547366755944 0.0014384742494787598 0.3548739830614869 0.005071292371398219 6.952202274877664E-13 0.0 
0.349720549777287 0.208509383978717 0.1558698671891595 0.12652588687522695 0.07834716428398716 0.07824106414880588 3.0058061430304456E-5 0.0027560256853710126 1.5216609873349813E-14 1.3623792280752806E-54 
0.14592871087138637 0.2782188497177672 0.008285087449414382 0.16818389448255205 0.10916674439183903 0.21562093885785028 4.559852459048328E-5 0.07455015849653218 1.7208067966517783E-8 1.2439583674355835E-281 
1.488128987701956E-4 0.07442011763200689 0.20418468365728012 0.5168599385398577 0.07319630250349177 2.2028551827982316E-4 0.12239501838303604 0.008574840867277549 1.4157974506602438E-21 0.0 
0.0015065810586812442 0.17189912438270366 0.20574379393863865 0.09224474243750334 0.2830747819663149 0.0072744353096443875 1.703492739237283E-4 0.2380861916325901 1.8041171035685048E-70 0.0 
0.01083174335876253 0.3370438689788508 0.0041528188957060345 0.2978064598168075 0.21729285009420313 7.4735782703146E-4 0.0021140865000859807 0.13001081452855254 5.9169800256963365E-25 6.027566896690251E-293 
2.3354578923796406E-6 0.2381215325636148 0.012976103221464292 0.18988280051091777 8.282011597283812E-4 0.5172421028207892 0.04093263854498803 1.414732571156808E-5 1.3839489363389426E-7 7.481810398593314E-195 
0.1618568502773411 0.37141935932482467 0.0055267690708865926 0.1527817660496443 0.0021484782096680317 0.1541327655877423 1.6922633670656795E-4 0.15196478301035937 2.1328270569034586E-9 0.0 
0.2680261622218324 0.21297486394466106 0.23009171917602148 0.13603377562721952 0.036345481295433954 8.795088748740385E-8 0.11652749004491322 4.1973903083789653E-7 1.360394727158587E-23 5.78600617700526E-115 
0.0038955656628186317 7.337842267847951E-18 0.16045906033913074 1.7835402246496547E-4 0.0259229621339577 0.26995451120370545 0.3631477371100591 0.1764369598899689 4.849637894454181E-6 1.8499428433554716E-223 
0.11898720509461752 0.3031576326999223 0.030994557037820045 0.08898614871779773 0.11357043824358516 0.3305824856339548 0.013537477152630211 1.781429115074748E-4 5.912508164742392E-6 1.0991465347837419E-48 
0.19268019376892676 0.24585851016309423 0.06728399287852227 0.22958692782592083 0.24758518848481492 8.77348981550664E-8 0.006540545108640662 3.66431071843728E-6 0.010460889724463813 0.0 
0.0010910318014464965 3.7311785068708775E-5 0.2174941622551061 0.02003029556216432 0.2363479292315803 2.702378474622642E-4 0.23683822321910722 0.2878908082980645 2.8219742663954487E-224 0.0 
1.0510957895862361E-4 0.3380469938724024 0.036530418749669225 5.73271560893555E-4 0.005693049745777504 0.24788538605539007 5.740309504458193E-6 0.37116003012740423 7.445370125061886E-31 0.0 
0.12449442382854484 0.3647647780565587 0.24455135038226736 0.1552623670317509 0.055270335467170716 0.02194729701953781 4.034650376635186E-9 0.03370944417951918 2.9661478963755457E-101 6.292668225321788E-222 
0.1157140811235794 0.007416530428332382 0.2380895016696303 8.962235756641986E-5 0.036166454394775734 0.16105760669395033 0.3361992254435072 0.10526408454537199 2.8933432861828338E-6 9.197455944366187E-224 
9.42300934174634E-15 4.571430646798594E-6 5.84549277500186E-7 1.1095841061547167E-10 2.0731694155050537E-12 6.100431483581582E-4 2.019931615480788E-102 0.9993848007586765 4.9E-324 9.901255910995692E-149 
0.08616993457500219 0.04214669104248489 0.619642696154663 0.11822989671116779 0.0880938697113523 0.04566219330884995 2.7778548993776936E-5 2.6939947485983373E-5 1.891579349790412E-71 1.1522072720719302E-242 
0.12195896202428845 0.05900853154894672 0.01584228759079994 0.12186037617669802 0.3255183975399282 0.24041325598056926 0.008710936230697202 0.10668725290753565 5.365632285889004E-13 1.395660607366752E-281 
0.001040670038446265 4.260840801891787E-4 0.35240268469853786 0.060338721227275585 0.21671984043759168 4.339144125366353E-4 0.3650846127973555 0.00355347230806721 3.4305357010291755E-28 0.0 
0.2273114880555059 0.07344121281005948 0.09686529635361744 0.25115711354109405 0.20969535461699024 0.09391627416429625 0.037477304024355854 0.010135956434080814 7.843917211414195E-77 7.761692921570248E-39 
0.2313355144391087 0.31616230904368825 0.28257583137757475 0.07658792958703112 3.805033958054985E-5 0.08977665703516707 0.003158357822189219 3.531980534726105E-4 1.2152302187740463E-5 1.2203560247368E-28 
0.007707471328711949 0.15606426601023693 0.17498664345130377 0.12650003574242227 0.44941002307463623 0.02847352791159402 2.2243109563107713E-11 0.05685803245885161 1.9196775323901706E-77 1.150253086433842E-23 
0.01757176834333464 0.14503496524889237 0.3232440987595061 0.16813563376746155 0.09614106784762587 0.05627445440289608 5.416010770081944E-5 0.19354385152251868 8.707556790915233E-20 6.385772964330211E-14 
0.2940501713450944 0.21662134178171155 0.1657218133775553 0.15744854622880727 0.16599914167483054 3.1128144070177487E-6 9.399234165183693E-12 1.5587276819476018E-4 2.5113153233785595E-102 0.0 
0.12482293910736122 0.27384796253493016 0.023884969664862622 0.31098885085432265 0.14324817934556805 0.10933699239538482 1.1582217941973564E-6 0.013868947875776291 9.964314520450153E-33 0.0 
0.046187159650013423 0.4683347230397946 0.0034394937230708455 0.27535612974558926 0.19132370468025717 1.1897977298799298E-4 0.015191896042080346 4.791334620623323E-5 4.8026642540881163E-32 0.0 
2.2553631574879097E-6 0.08673426828948286 0.025792949673635178 3.005387259381354E-5 0.19718495836621958 0.3378292810410168 0.1583708237566432 0.19405540963725104 7.723125992720239E-38 0.0 
0.10929508377793434 0.5032654929736832 5.514268131423182E-4 0.0013195601581049224 0.12423976834595042 0.26130363097917075 1.920798697154677E-5 3.171384118654366E-6 2.6575809239445494E-6 1.6300980799552375E-186 
0.14315060931449816 0.2917483416265251 0.03786186856043941 0.23544209441226926 0.13977675707947038 0.0011758038880100993 0.012334193135282463 0.13851033198350518 3.820301111383451E-32 0.0 
0.12321483253050415 0.04078456626372346 0.3179328792915291 3.0282302310530442E-5 0.13788050362786947 5.517935904059105E-7 4.6498008516487595E-4 0.37968565165242485 5.752452883223743E-6 0.0 
0.046408463845366656 0.20743439464033966 0.4603950021935685 0.05771056951359142 0.040610407410436436 0.039831714234449554 0.04533245378902753 0.10226418402555414 1.2810347665955865E-5 1.100899E-317 
0.005846778249977283 0.26826793813373534 0.4538819395719076 0.09203241346675727 0.17093423887009396 0.0017836070286978943 0.006802589540566424 4.2170353032403967E-4 2.879160794021176E-5 0.0 
0.38339870165497636 0.28298728279124463 0.11433057873678773 0.08748583806082363 5.485737480743995E-4 0.13124778144721475 1.1580567137514776E-6 8.55041647055108E-8 9.964314520450153E-33 3.707518722376812E-70 
0.0030366084104106864 5.766207487130481E-4 0.201660101467612 0.6021849594097759 5.573315780335856E-4 0.1918801218687222 7.455120523795509E-10 1.0425577122051743E-4 6.913114939945071E-88 0.0 
0.12904743146918082 0.5363509223207443 0.0263874990677404 0.20839686213362454 0.024928725766225426 2.6053917516939496E-5 3.35410787158136E-4 0.07452709453780944 1.7485434108997991E-87 6.119140075997887E-44 
0.3224983752378492 0.24725093705056592 0.03929403703682474 0.17168400471490422 0.2171693345374725 8.59952684742358E-4 8.013441860577136E-16 0.0012433587375821097 5.821135844755545E-14 1.5350924782049014E-238 
0.06846534208134533 0.06892753666027947 0.30170853407938814 0.21868286077014754 0.03165579549116826 0.30174443062328005 0.008805257344434636 1.0242949956689493E-5 2.0004306219390073E-155 0.0 
0.20041084600492184 0.238956054805527 0.5188334528499592 0.02031217861214068 0.020990799967538804 2.1121066517509286E-4 2.1373687165506608E-10 2.8545688100051604E-4 4.871217439174635E-40 1.8451511835089903E-167 
0.014165348769705198 5.45843019942966E-6 0.11556172253129839 0.016535704397124127 0.6530052874932641 2.1772578391670257E-13 1.3938052102632402E-12 0.20072647837679738 5.43355678566662E-169 9.527239391166173E-51 
0.007521729576466168 0.05379626247708748 0.005659545853910597 0.06817119139369371 0.849981310454802 0.012056705907532779 0.002809436499707003 3.817836800378745E-6 8.951015537171447E-81 0.0 
0.01289991425629338 0.08677549789412702 0.027992518250937022 0.01372471006472265 0.34601533899576725 0.3539728943441559 0.15840082770497194 2.182984890248488E-4 5.233613742492876E-31 0.0 
0.23946261803992114 0.1512423345266878 0.13637126480377376 0.09321910685095561 0.3049581336412002 0.030072841263147604 1.4563940809350792E-11 0.04467370085974989 1.3711982374215504E-77 9.037702821980186E-24 
0.11272380472961482 0.16811487099429676 0.19554559029518878 0.002221134234789283 0.1792088260594286 0.13859671638129087 2.4348748807790147E-15 0.2035890573053884 3.0913625616329587E-140 7.603827891071473E-18 
0.15345478397672702 0.025717834668124846 0.0834926799064986 0.1656180962531883 0.18158378651900708 0.3901245375052457 7.778636473064925E-6 2.1587647271543106E-7 2.8665826258965854E-7 6.91102748003583E-21 
0.16875620834827096 0.08294636291418825 0.18107312567584855 0.09791550707386451 0.037338689098828794 0.38570271366622144 3.5831741247337477E-7 0.04626703490536505 3.1432917856562728E-18 6.601284663273828E-73 
1.8526234736373695E-4 0.42298251251250096 0.28542158975257387 0.04626170290231464 0.004412739593662682 3.39578901490293E-7 0.0742491141979022 0.16648673911478049 5.0708328478520036E-133 0.0 
0.02562154472148088 0.2552131152933986 0.3473860421376913 2.6335348596932293E-6 1.813224424251638E-7 5.111406210014294E-7 0.37172518453280146 5.078731670452479E-5 3.2908626556371825E-122 0.0 
0.14216150041740033 6.98226283487977E-4 0.4663702351909089 0.15720916097688276 0.0998706637532168 1.0804646511957991E-6 1.155877718296591E-6 0.13368797703573362 6.971219352396017E-72 0.0 
5.609428912910043E-4 0.013614791604325714 0.45136560112707524 0.315241679078489 0.14213521412780167 0.06546263019991591 2.552682599519642E-14 0.01161914097107591 8.112061318895572E-41 0.0 
0.18764383044593055 0.1679727530925078 0.00754486837086422 0.021066189609998065 0.6011188548916392 0.005830413348732356 0.00867444046033217 1.4864977999563977E-4 2.9817249163361392E-64 8.655213371780426E-257 
0.12244353427348857 0.22126262492932275 0.24253882092958423 0.3049108288714091 0.08657952168969178 0.0013119328377145772 0.014291793598277164 0.006660942870510446 1.3174338214174837E-15 2.964409579295026E-20 
2.723449709219459E-6 0.6892152240239883 3.5829687035323195E-6 0.002007716028051292 0.18628613665892474 6.618962653927812E-13 0.11572941372568657 0.006755203144274375 1.3694578324708952E-149 2.0560605781970108E-237 
0.33970093062195084 0.3183348681375604 0.020460280034531292 0.02828973763072111 1.5387776813094137E-7 8.32418298563973E-10 1.9832638185104555E-8 0.29077954770585984 0.002434461326551851 0.0 
0.4715232473162648 0.3045662915771488 0.0011430455395314181 0.21687013147224016 3.526280468290371E-5 0.001148762015353941 1.769534019977203E-6 0.004711489740757959 1.2213952184202513E-108 2.335507248129052E-54 
0.12428050491583267 0.5309410981672855 0.0988148425329389 0.006547896301578425 0.00681171319167237 0.23240490192797117 4.519748305673713E-12 1.990429582013058E-4 1.0772183954942665E-25 1.3492958413403286E-20 
0.10074400441526557 0.2024283021270271 0.08433525346046628 0.2256836036368216 0.19802737331513984 7.804802731854235E-4 0.1877236485334497 2.7733423859361737E-4 5.085669756842881E-14 1.396454986000954E-245 
0.13734979740864192 0.48020919108442395 0.009012262125814722 0.00572272646826146 0.20664238995448436 0.14375187553685828 0.016172757077364677 0.0011390003431545957 9.961853122641571E-13 5.0E-322 
2.543007181259517E-6 0.0024537927596100136 0.997477468854119 2.526537667407039E-13 6.588726504061257E-5 2.9757244488587806E-31 8.377418930084432E-22 3.081137964284317E-7 5.177635211233356E-65 0.0 
0.04843761744044846 0.2928103645146491 0.20124827265620543 0.2740897856777845 0.1464442523901071 0.002016599665097157 0.022231584642612868 0.012721523013095364 4.532194535097732E-18 9.833570850633108E-179 
5.771534394177405E-17 0.7746400042597316 0.18626517720177127 0.03889505436702946 1.1257872771507933E-5 1.101565773687944E-7 8.052844242936958E-9 1.8838808927464508E-4 3.082472130247369E-182 3.0986715130299288E-165 
0.11338554035146377 0.18458297065566337 0.2710465886882927 0.061510322015197974 0.14185917181634985 0.04757567885760842 3.27074956518802E-5 0.18000702011973962 4.410690531345951E-20 3.234623560363342E-14 
